image: tsudanuma.png 
resolution: 0.1
origin: [-100.000000, -172.000000, 0.000000]
negate: 0
occupied_thresh: 0.4
free_thresh: 0.196

